每幅图像的标定误差：
第1幅图像的平均误差：0.118065像素
第2幅图像的平均误差：0.131123像素
第3幅图像的平均误差：0.127172像素
第4幅图像的平均误差：0.167496像素
第5幅图像的平均误差：0.141737像素
第6幅图像的平均误差：0.148873像素
第7幅图像的平均误差：0.155528像素
第8幅图像的平均误差：0.154714像素
第9幅图像的平均误差：0.155893像素
第10幅图像的平均误差：0.199324像素
第11幅图像的平均误差：0.159619像素
第12幅图像的平均误差：0.162523像素
第13幅图像的平均误差：0.178099像素
第14幅图像的平均误差：0.223806像素
总体平均误差：0.158855像素

相机内参数矩阵：
[1399.311696372838, 0, 656.2335100429419;
  0, 1396.138288861994, 532.9855500632477;
  0, 0, 1]

畸变系数：
[0.13992083053858, -1.676472023157061, 0.007339798046133814, -0.0007401648172156279, 9.17042723179622]


第1幅图像的旋转向量：
[-18.24762081569024;
  -9.161789772373179;
  158.1217968447111]
第1幅图像的旋转矩阵：
[-0.6839428549769277, -0.6908670282306092, -0.23436066314511;
  0.713311266060617, -0.7006596358472413, -0.01622073997728457;
  -0.1530006824723627, -0.1782661605527467, 0.9720143862951681]
第1幅图像的平移向量：
[-2.119633870610963;
  -2.110217584244115;
  -0.1820171418761291]

第2幅图像的旋转向量：
[-20.60302962208251;
  -13.40404373785882;
  157.3301719539556]
第2幅图像的旋转矩阵：
[-0.5288232212832523, -0.8050443194826918, -0.2687929394538745;
  0.8389122927577685, -0.5438350247413065, -0.02167096962591;
  -0.1287329238831656, -0.2369538130802551, 0.9629541654591975]
第2幅图像的平移向量：
[-2.082476423997892;
  -2.093467854015032;
  -0.1853715479051484]

第3幅图像的旋转向量：
[-45.2800487959519;
  -7.436490638749512;
  154.8041386358603]
第3幅图像的旋转矩阵：
[-0.2201258235712756, 0.9240623730660741, -0.312495363934512;
  -0.8898531386864897, -0.3214649820800026, -0.3237617285382979;
  -0.3996323477483654, 0.2068066632867499, 0.8930425469446179]
第3幅图像的平移向量：
[-2.174640672922133;
  -2.127032645473919;
  -0.2682548955895011]

第4幅图像的旋转向量：
[-44.81114403743652;
  -27.39482238056165;
  157.1000364188412]
第4幅图像的旋转矩阵：
[-0.5333417450336542, -0.6431034950094876, -0.5495129458994015;
  0.791137600668296, -0.6091657622519335, -0.05493970248219968;
  -0.2994125578750304, -0.4640419903485058, 0.8336768866774038]
第4幅图像的平移向量：
[-1.994330291666842;
  -2.048212911869191;
  -0.2230827480392575]

第5幅图像的旋转向量：
[-41.78768219661331;
  -39.71677313300445;
  159.3636621817257]
第5幅图像的旋转矩阵：
[0.9856495338750443, 0.1646391412532822, 0.03726861332662965;
  -0.1628732266930517, 0.9855597372879347, -0.04630676261121026;
  -0.04435435038980799, 0.0395721796761179, 0.9982318038397591]
第5幅图像的平移向量：
[-1.890150417623475;
  -1.996785192407439;
  -0.1796958024949737]

第6幅图像的旋转向量：
[-45.59646982314193;
  -32.0210661755784;
  164.7735500074234]
第6幅图像的旋转矩阵：
[-0.3106672139606834, 0.9330552704387018, -0.181366326743604;
  -0.7972191826705461, -0.3596824123275522, -0.4848403211824889;
  -0.5176170949186407, -0.006035277027071434, 0.8555910930340455]
第6幅图像的平移向量：
[-1.885860446859793;
  -2.001975804288401;
  -0.06740401802676123]

第7幅图像的旋转向量：
[-53.21682388669362;
  -25.12589747982509;
  169.8808889942766]
第7幅图像的旋转矩阵：
[-0.6014331331228162, 0.6919694720798441, -0.3993199670585166;
  -0.5467508251297183, -0.7209382692989166, -0.4258069363928387;
  -0.5825304469313557, -0.03776587838015691, 0.8119310419168185]
第7幅图像的平移向量：
[-1.875919867805143;
  -2.02783648755374;
  0.02302048417622502]

第8幅图像的旋转向量：
[-24.39040238977419;
  -27.07203481065488;
  158.1100638590808]
第8幅图像的旋转矩阵：
[0.4588340162882336, 0.8859003596967751, 0.06820482523937356;
  -0.8581267655560377, 0.4617363799080142, -0.2245394613554039;
  -0.2304122386791596, 0.04449795679091816, 0.9720751679311078]
第8幅图像的平移向量：
[1.834187242063622;
  1.846010454971256;
  -0.2933804800395627]

第9幅图像的旋转向量：
[-29.47772706951326;
  -29.09101078317006;
  156.3728140719031]
第9幅图像的旋转矩阵：
[0.006383477820377636, 0.9999788143055933, -0.001273636877652279;
  -0.9326187262199926, 0.005493911824020186, -0.3608214633813623;
  -0.3608068218794022, 0.003491113411114077, 0.932634038308937]
第9幅图像的平移向量：
[1.845231968529707;
  1.888468641864371;
  -0.3520640210784919]

第10幅图像的旋转向量：
[-37.29516000617693;
  -30.9208332345079;
  152.7052189312853]
第10幅图像的旋转矩阵：
[-0.891500777319024, 0.07519126293837836, -0.446735534760005;
  0.1045224718426768, -0.9253827073316647, -0.3643376152024596;
  -0.4407963440405023, -0.3715011695126279, 0.8171202262404695]
第10幅图像的平移向量：
[1.8640081354273;
  1.887436693512279;
  -0.3720978699933401]

第11幅图像的旋转向量：
[-27.57848491184943;
  -22.38166415385236;
  160.6363673569341]
第11幅图像的旋转矩阵：
[0.422176848963664, -0.8789924001084161, -0.2216733379339019;
  0.9061099041132855, 0.4164736515787857, 0.07425994349879822;
  0.0270471785390663, -0.2322112359303022, 0.9722892532784662]
第11幅图像的平移向量：
[1.909865881485732;
  1.883921448366226;
  -0.5049840055941367]

第12幅图像的旋转向量：
[-31.4155118811742;
  -15.35707096552901;
  167.6028362823268]
第12幅图像的旋转矩阵：
[0.03848744903769387, -0.9625325871697045, -0.2684208168212108;
  0.995285037452157, 0.01299239130034388, 0.09611915517812852;
  -0.08903039082487123, -0.2708546038093018, 0.9584943260681706]
第12幅图像的平移向量：
[1.995627449104082;
  1.92589511836487;
  -0.806240613698189]

第13幅图像的旋转向量：
[-27.15238774834113;
  -16.49525115593718;
  169.7241681007443]
第13幅图像的旋转矩阵：
[-0.9440434175759359, -0.08337202362392868, -0.3191099049048748;
  0.1432590307617193, -0.9751417386077237, -0.1690427156973013;
  -0.2970839541893166, -0.2052990387263344, 0.9325199348331827]
第13幅图像的平移向量：
[1.901966385435685;
  2.02121019907802;
  -0.8582356038252045]

第14幅图像的旋转向量：
[-26.32654570480807;
  -13.90820713458218;
  174.2854002684392]
第14幅图像的旋转矩阵：
[0.6442642003314976, -0.7562461819504348, -0.114084847620558;
  0.7647682236227838, 0.6384496857681015, 0.08666927298336033;
  0.007294128328160801, -0.1430863761089871, 0.9896833254450284]
第14幅图像的平移向量：
[1.879160036718226;
  2.058776609456594;
  -0.9848621470181698]


